1 10 1 0   
2 15 4 1    
3 5 2 0     
4 8 1 1     
5 12 3 0    
6 4 2 1     
7 20 4 0    
8 6 1 1     
9 3 3 0     
10 7 2 1    
11 9 1 0    
12 11 4 1   
13 4 2 0    
14 16 3 1   
15 5 1 0    
16 8 4 1    
17 6 2 0    
18 10 1 1   
19 3 3 0    
20 14 2 1   
21 7 1 0    
22 9 4 1    
23 4 2 0    
24 12 3 1   
25 5 1 0    
26 8 4 1    
27 6 2 0    
28 10 1 1   
29 3 3 0    
30 14 2 1   
31 18 3 0    
32 9 1 1     
33 6 4 0     
34 12 2 1    
35 4 3 0     
36 15 1 1    
37 7 4 0     
38 11 2 1    
39 5 3 0     
40 13 1 1    
41 8 4 0     
42 16 2 1    
43 3 3 0     
44 10 1 1    
45 6 4 0     
46 14 2 1    
47 4 3 0     
48 9 1 1     
49 7 4 0     
50 12 2 1    
51 5 3 0     
52 15 1 1    
53 8 4 0     
54 11 2 1    
55 6 3 0     
56 13 1 1    
57 9 4 0     
58 16 2 1    
59 4 3 0     
60 10 1 1    
61 8 2 0
62 12 1 1
63 6 4 0
64 14 2 1
65 5 3 0
66 9 1 1
67 7 4 0
68 11 2 1
69 4 3 0
70 13 1 1
71 8 4 0
72 15 2 1
73 6 3 0
74 10 1 1
75 7 4 0
76 12 2 1
77 5 3 0
78 9 1 1
79 6 4 0
80 14 2 1
